10 10
30.8064 -7.0396 -44.2689 17.9313 -41.0268 12.9254 -47.8044 -14.3955 9.1873 -22.1764
23.7134 -47.4561 -43.7258 -18.7608 21.3531 -12.8326 -32.9581 -26.5019 -44.0363 48.3426
4.8895 -9.2705 42.4098 -24.6877 -31.6289 -0.1133 26.6726 31.8370 2.7801 13.3577
30.7895 -47.5440 37.0406 25.3810 6.4982 8.3454 5.5459 -44.8053 40.5779 -28.6043
37.9361 6.6036 -37.1834 17.4657 -5.5197 -11.5956 -0.0269 45.8330 22.9050 -32.5219
-32.0983 -29.1599 -35.6369 -30.0562 25.9394 18.6966 31.4537 1.4623 46.1468 17.2161
3.1073 -0.7979 -25.8613 16.7059 0.9007 -9.8913 34.9936 49.1905 -20.1040 -7.2107
-16.2897 8.5260 15.7715 20.3511 20.6985 -1.7138 45.3209 -7.8120 -17.7994 11.7826
9.4052 39.3428 13.7601 22.2101 -5.6933 5.8326 6.3087 -34.7572 31.3968 -41.2142
-35.1853 9.1693 32.8716 11.4561 44.8213 -37.7856 37.9140 -35.0747 -47.7713 21.8900
